! FeTe tetragonal

tasks
  0

!  801
!  807
!  811
!  800
!  863
!  822
!  190
!  862

mpi_num_groups
   1

maxscl
  100

spinpol
  .false.

spinorb
  .false.

!lda+u
!  2 2
!  2 2 0.29399459 0.31604419 0.19844635

avec
   7.204200000       0.000000000       0.000000000
   0.000000000       7.204200000       0.000000000
   0.000000000       0.000000000       11.81400000

atoms
   2                                    : nspecies
'Fe.in'                                 : spfname
   2                                    : natoms; atposl, bfcmt below
    0.75000000    0.25000000    0.00000000    0.00000000  0.00000000  0.00000000
    0.25000000    0.75000000    0.00000000    0.00000000  0.00000000  0.00000000
'Te.in'                                 : spfname
   2                                    : natoms; atposl, bfcmt below
    0.25000000    0.25000000    0.28290000    0.00000000  0.00000000  0.00000000
    0.75000000    0.75000000    0.71710000    0.00000000  0.00000000  0.00000000

reducebf
  0.5

rgkmax
  6.0

!gmaxvr
!  5.0

lmaxapw
   7

lmaxvr
   5

epspot
  1.d-6

epsengy
  1.d-4

reducek
  1 

nempty
  80

autoswidth
  .true.

!stype
!  0

!swidth
!  0.0100

!epsocc
!  1E-7

sppath
  ''

ngridk
   4  4  2

xctype
  20 0 0

!scissor
!  0.0368

autormt
  .true.

nwrite
  10

lps
  2                ! # atoms with lps
  1 2              ! atom #, l
 -1.0000000000  0.0000000000  0.0000000000  0.0000000000  0.0000000000
  0.0000000000  0.0000000000  0.0000000000 -1.0000000000  0.0000000000
  0.0000000000  0.0000000000  1.0000000000  0.0000000000  0.0000000000
  0.0000000000  1.0000000000  0.0000000000  0.0000000000  0.0000000000
  0.0000000000  0.0000000000  0.0000000000  0.0000000000 -1.0000000000
  4 1              ! atom #, l
 -1.0000000000  0.0000000000  0.0000000000
  0.0000000000 -1.0000000000  0.0000000000
  0.0000000000  0.0000000000  1.0000000000

plot1d
 10 160                ! # of k-points to be sampled
  0.5 0.0 0.0      ! coordinates of each vertex along the path
  0.5 0.5 0.0
  0.0 0.0 0.0
  0.5 0.0 0.0
  0.5 0.5 0.5
  0.0 0.0 0.0
  0.5 0.5 0.0
  0.5 0.5 0.5
  0.0 0.0 0.5
  0.0 0.0 0.0

vqm
   1
  1  0  0

!vq0c
!  0.00001  0.00000  0.00000

gqmax
  2.50

chi0_include_bands
  1         104

chi0_exclude_bands
  13     28  

response_w
   1
  0.0   6.0 0.05

!response_iw
!  1001 -100.0  100.0

response_fxc
  0  1 0.00 0.0075

response_wann
  .true.
  .false.

wann_trans
  .false.

wan_met
  .false.

megqwan_dist
  0.0  0.0

!megqwan_cutoff
!  1.0d-10 1000.0

megqwan_include
  16
  1 2 3 4 5 6 7 8 9 10 11 12 13 14 15 16

exwan
   6
  5 6 7 8 9 10

wannier
  .true.
  .false.    ! add potential correction, always false
  4 2 6      ! # atoms with wann funcs, # orbital groups, # energy intervals
  25         ! # orbitals
  5 6 7 8 9 5 6 7 8 9 5 6 7 8 9 5 6 7 8 9 5 6 7 8 9 ! which orbitals
  1 1 1 1 1 1 1 1 1 1 1 1 1 1 1 1 1 1 1 1 1 1 1 1 1 ! spin projection
  1 1 1 1 1 3 3 3 3 3 4 4 4 4 4 5 5 5 5 5 6 6 6 6 6 ! which energy interval
  9
  2 3 4 2 3 4 2 3 4
  1 1 1 1 1 1 1 1 1
  2 2 2 5 5 5 6 6 6
  0.166  0.241  0.0  ! energy interval, pot. correction (always 0.0)
  13     0.147  0.0
  0.117  0.177  0.0
  0.221  28     0.0
  0.144  0.232  0.0
  0.144  0.232  0.0
  1 1              ! atom index, orbital group
  2 1
  3 2
  4 2

!  3 2
!  4 2

wann_exclude_eint
  1          1
  1          1
  1          1
  1          1
  1          1
  1          1

wannier_lc
  .true.
  16            ! # of linear combinations
  38            ! # of orbitals
  11  0  0  0  1.100000000000  ! orbital, trans. vec., alpha
  13  0  0  0  1.000000000000
  38  0  0  0  0.011000000000
  38  1  0  0  0.011000000000
  38  0 -1  0  0.011000000000
  38  1 -1  0  0.011000000000
  37  0  0  0  0.011000000000
  37  1  0  0  0.011000000000
  37  0 -1  0  0.011000000000
  37  1 -1  0  0.011000000000
  39  0  0  0  0.011000000000
  39  1  0  0  0.011000000000
  39  0 -1  0  0.011000000000
  39  1 -1  0  0.011000000000
  36  0  0  0  0.011000000000
  36  1  0  0  0.011000000000
  36  0 -1  0  0.011000000000
  36  1 -1  0  0.011000000000
  40  0  0  0  0.011000000000
  40  1  0  0  0.011000000000
  40  0 -1  0  0.011000000000
  40  1 -1  0  0.011000000000
  13  1  0  0  0.000000000000
  13 -1  0  0  0.000000000000
  13  0  1  0  0.000000000000
  13  0 -1  0  0.000000000000
  12  1  0  0  0.000000000000
  12 -1  0  0  0.000000000000
  12  0  1  0  0.000000000000
  12  0 -1  0  0.000000000000
  14  1  0  0  0.000000000000
  14 -1  0  0  0.000000000000
  14  0  1  0  0.000000000000
  14  0 -1  0  0.000000000000
  11  1  0  0  0.000000000000
  11 -1  0  0  0.000000000000
  11  0  1  0  0.000000000000
  11  0 -1  0  0.000000000000
  38            ! # of orbitals
  36  0  0  0  1.100000000000  ! orbital, trans. vec., alpha
  38  0  0  0  1.000000000000
  13  0  0  0  0.011000000000
  13 -1  0  0  0.011000000000
  13  0  1  0  0.011000000000
  13 -1  1  0  0.011000000000
  12  0  0  0  0.011000000000
  12 -1  0  0  0.011000000000
  12  0  1  0  0.011000000000
  12 -1  1  0  0.011000000000
  14  0  0  0  0.011000000000
  14 -1  0  0  0.011000000000
  14  0  1  0  0.011000000000
  14 -1  1  0  0.011000000000
  11  0  0  0  0.011000000000
  11 -1  0  0  0.011000000000
  11  0  1  0  0.011000000000
  11 -1  1  0  0.011000000000
  15  0  0  0  0.011000000000
  15 -1  0  0  0.011000000000
  15  0  1  0  0.011000000000
  15 -1  1  0  0.011000000000
  38 -1  0  0  0.000000000000
  38  1  0  0  0.000000000000
  38  0 -1  0  0.000000000000
  38  0  1  0  0.000000000000
  37 -1  0  0  0.000000000000
  37  1  0  0  0.000000000000
  37  0 -1  0  0.000000000000
  37  0  1  0  0.000000000000
  39 -1  0  0  0.000000000000
  39  1  0  0  0.000000000000
  39  0 -1  0  0.000000000000
  39  0  1  0  0.000000000000
  36 -1  0  0  0.000000000000
  36  1  0  0  0.000000000000
  36  0 -1  0  0.000000000000
  36  0  1  0  0.000000000000
  22            ! # of orbitals
   6  0  0  0  1.100000000000  ! orbital, trans. vec., alpha
   8  0  0  0  1.000000000000
  31  0  0  0  0.001000000000
  31  1  0  0  0.001000000000
  31  0 -1  0  0.001000000000
  31  1 -1  0  0.001000000000
  32  0  0  0  0.001000000000
  32  1  0  0  0.001000000000
  32  0 -1  0  0.001000000000
  32  1 -1  0  0.001000000000
  33  0  0  0  0.001000000000
  33  1  0  0  0.001000000000
  33  0 -1  0  0.001000000000
  33  1 -1  0  0.001000000000
  34  0  0  0  0.001000000000
  34  1  0  0  0.001000000000
  34  0 -1  0  0.001000000000
  34  1 -1  0  0.001000000000
  35  0  0  0  0.001000000000
  35  1  0  0  0.001000000000
  35  0 -1  0  0.001000000000
  35  1 -1  0  0.001000000000
  22            ! # of orbitals
  31  0  0  0  1.100000000000  ! orbital, trans. vec., alpha
  33  0  0  0  1.000000000000
   6  0  0  0  0.001000000000
   6 -1  0  0  0.001000000000
   6  0  1  0  0.001000000000
   6 -1  1  0  0.001000000000
   7  0  0  0  0.001000000000
   7 -1  0  0  0.001000000000
   7  0  1  0  0.001000000000
   7 -1  1  0  0.001000000000
   8  0  0  0  0.001000000000
   8 -1  0  0  0.001000000000
   8  0  1  0  0.001000000000
   8 -1  1  0  0.001000000000
   9  0  0  0  0.001000000000
   9 -1  0  0  0.001000000000
   9  0  1  0  0.001000000000
   9 -1  1  0  0.001000000000
  10  0  0  0  0.001000000000
  10 -1  0  0  0.001000000000
  10  0  1  0  0.001000000000
  10 -1  1  0  0.001000000000
   1            ! # of orbitals
   5  0  0  0  1.000000000000  ! orbital, trans. vec., alpha
   1            ! # of orbitals
  30  0  0  0  1.000000000000  ! orbital, trans. vec., alpha
  37            ! # of orbitals
  19  0  0  0  1.000000000000  ! orbital, trans. vec., alpha
  41  0  0  0  0.001000000000
  41  1  0  0  0.001000000000
  41  0 -1  0  0.001000000000
  41  1 -1  0  0.001000000000
  42  0  0  0  0.001000000000
  42  1  0  0  0.001000000000
  42  0 -1  0  0.001000000000
  42  1 -1  0  0.001000000000
  43  0  0  0  0.001000000000
  43  1  0  0  0.001000000000
  43  0 -1  0  0.001000000000
  43  1 -1  0  0.001000000000
  45  0  0  0  0.001000000000
  45  1  0  0  0.001000000000
  45  0 -1  0  0.001000000000
  45  1 -1  0  0.001000000000
  16  1  0  0  0.001000000000
  16 -1  0  0  0.001000000000
  17  1  0  0  0.001000000000
  17 -1  0  0  0.001000000000
  18  1  0  0  0.001000000000
  18 -1  0  0  0.001000000000
  20  1  0  0  0.001000000000
  20 -1  0  0  0.001000000000
  54  0  0  0  0.001000000000
  54 -1  0  0  0.001000000000
  63  0 -1 -1  0.001000000000
  63  0  0 -1  0.001000000000
  55  0  0  0  0.001000000000
  55 -1  0  0  0.001000000000
  64  0 -1 -1  0.001000000000
  64  0  0 -1  0.001000000000
  56  0  0  0  0.001000000000
  56 -1  0  0  0.001000000000
  65  0 -1 -1  0.001000000000
  65  0  0 -1  0.001000000000
  37            ! # of orbitals
  22  0  0  0  1.000000000000  ! orbital, trans. vec., alpha
  46  0  0  0  0.001000000000
  46  1  0  0  0.001000000000
  46  0 -1  0  0.001000000000
  46  1 -1  0  0.001000000000
  47  0  0  0  0.001000000000
  47  1  0  0  0.001000000000
  47  0 -1  0  0.001000000000
  47  1 -1  0  0.001000000000
  48  0  0  0  0.001000000000
  48  1  0  0  0.001000000000
  48  0 -1  0  0.001000000000
  48  1 -1  0  0.001000000000
  49  0  0  0  0.001000000000
  49  1  0  0  0.001000000000
  49  0 -1  0  0.001000000000
  49  1 -1  0  0.001000000000
  21  0  1  0  0.001000000000
  21  0 -1  0  0.001000000000
  22  0  1  0  0.001000000000
  22  0 -1  0  0.001000000000
  23  0  1  0  0.001000000000
  23  0 -1  0  0.001000000000
  25  0  1  0  0.001000000000
  25  0 -1  0  0.001000000000
  57  0  0  0  0.001000000000
  57 -1  0  0  0.001000000000
  66  0 -1 -1  0.001000000000
  66  0  0 -1  0.001000000000
  58  0  0  0  0.001000000000
  58 -1  0  0  0.001000000000
  67  0 -1 -1  0.001000000000
  67  0  0 -1  0.001000000000
  59  0  0  0  0.001000000000
  59 -1  0  0  0.001000000000
  68  0 -1 -1  0.001000000000
  68  0  0 -1  0.001000000000
  37            ! # of orbitals
  44  0  0  0  1.000000000000  ! orbital, trans. vec., alpha
  16  0  0  0  0.001000000000
  16 -1  0  0  0.001000000000
  16  0  1  0  0.001000000000
  16 -1  1  0  0.001000000000
  17  0  0  0  0.001000000000
  17 -1  0  0  0.001000000000
  17  0  1  0  0.001000000000
  17 -1  1  0  0.001000000000
  18  0  0  0  0.001000000000
  18 -1  0  0  0.001000000000
  18  0  1  0  0.001000000000
  18 -1  1  0  0.001000000000
  20  0  0  0  0.001000000000
  20 -1  0  0  0.001000000000
  20  0  1  0  0.001000000000
  20 -1  1  0  0.001000000000
  41 -1  0  0  0.001000000000
  41  1  0  0  0.001000000000
  42 -1  0  0  0.001000000000
  42  1  0  0  0.001000000000
  43 -1  0  0  0.001000000000
  43  1  0  0  0.001000000000
  45 -1  0  0  0.001000000000
  45  1  0  0  0.001000000000
  54  0  0  0  0.001000000000
  54  0  1  0  0.001000000000
  63 -1  0 -1  0.001000000000
  63  0  0 -1  0.001000000000
  55  0  0  0  0.001000000000
  55  0  1  0  0.001000000000
  64 -1  0 -1  0.001000000000
  64  0  0 -1  0.001000000000
  56  0  0  0  0.001000000000
  56  0  1  0  0.001000000000
  65 -1  0 -1  0.001000000000
  65  0  0 -1  0.001000000000
  37            ! # of orbitals
  47  0  0  0  1.000000000000  ! orbital, trans. vec., alpha
  21  0  0  0  0.001000000000
  21 -1  0  0  0.001000000000
  21  0  1  0  0.001000000000
  21 -1  1  0  0.001000000000
  22  0  0  0  0.001000000000
  22 -1  0  0  0.001000000000
  22  0  1  0  0.001000000000
  22 -1  1  0  0.001000000000
  23  0  0  0  0.001000000000
  23 -1  0  0  0.001000000000
  23  0  1  0  0.001000000000
  23 -1  1  0  0.001000000000
  25  0  0  0  0.001000000000
  25 -1  0  0  0.001000000000
  25  0  1  0  0.001000000000
  25 -1  1  0  0.001000000000
  46  0 -1  0  0.001000000000
  46  0  1  0  0.001000000000
  47  0 -1  0  0.001000000000
  47  0  1  0  0.001000000000
  48  0 -1  0  0.001000000000
  48  0  1  0  0.001000000000
  49  0 -1  0  0.001000000000
  49  0  1  0  0.001000000000
  57  0  0  0  0.001000000000
  57  0  1  0  0.001000000000
  66 -1  0 -1  0.001000000000
  66  0  0 -1  0.001000000000
  58  0  0  0  0.001000000000
  58  0  1  0  0.001000000000
  67 -1  0 -1  0.001000000000
  67  0  0 -1  0.001000000000
  59  0  0  0  0.001000000000
  59  0  1  0  0.001000000000
  68 -1  0 -1  0.001000000000
  68  0  0 -1  0.001000000000
  1             ! # of orbitals
  51  0  0  0  1.000000000000  ! orbital, trans. vec., alpha
  1             ! # of orbitals
  52  0  0  0  1.000000000000  ! orbital, trans. vec., alpha
  1             ! # of orbitals
  53  0  0  0  1.000000000000  ! orbital, trans. vec., alpha
  1             ! # of orbitals
  60  0  0  0  1.000000000000  ! orbital, trans. vec., alpha
  1             ! # of orbitals
  61  0  0  0  1.000000000000  ! orbital, trans. vec., alpha
  1             ! # of orbitals
  62  0  0  0  1.000000000000  ! orbital, trans. vec., alpha


disentangle
  .false.
 
wannier_plot
   3.60210   3.60210   0.00000    ! origin
  15.00000   0.00000   0.00000    ! corner 1
   0.00000  15.00000   0.00000    ! corner 2
   0.00000   0.00000  15.00000    ! corner 3
   240 240 240      ! nx, ny, nz
   1       4         ! # WF, starting WF

