   0.000000000      -12.33457616    
  0.1701100635E-01  -12.33119956    
  0.3402201271E-01  -12.32107115    
  0.5103301906E-01  -12.30419147    
  0.6804402542E-01  -12.28057531    
  0.8505503177E-01  -12.25022854    
  0.1020660381      -12.21316401    
  0.1190770445      -12.16939754    
  0.1360880508      -12.11894800    
  0.1530990572      -12.06184378    
  0.1701100635      -11.99809809    
  0.1871210699      -11.92774522    
  0.2041320763      -11.85081725    
  0.2211430826      -11.76734991    
  0.2381540890      -11.67738266    
  0.2551650953      -11.58095896    
  0.2721761017      -11.47813972    
  0.2891871080      -11.36895124    
  0.3061981144      -11.25346249    
  0.3232091207      -11.13173484    
  0.3402201271      -11.00383385    
  0.3572311334      -10.86983343    
  0.3742421398      -10.72980972    
  0.3912531462      -10.58384610    
  0.4082641525      -10.43205098    
  0.4252751589      -10.27448515    
  0.4422861652      -10.11126857    
  0.4592971716      -9.942511621    
  0.4763081779      -9.768332262    
  0.4933191843      -9.588856372    
  0.5103301906      -9.404211716    
  0.5273411970      -9.214554330    
  0.5443522034      -9.020028582    
  0.5613632097      -8.820794933    
  0.5783742161      -8.617023021    
  0.5953852224      -8.408887803    
  0.6123962288      -8.196584820    
  0.6123962288      -8.196584820    
  0.6290512105      -8.197894243    
  0.6457061923      -8.201917791    
  0.6623611741      -8.208924149    
  0.6790161559      -8.219368846    
  0.6956711376      -8.233882950    
  0.7123261194      -8.253259704    
  0.7289811012      -8.278427663    
  0.7456360830      -8.310419543    
  0.7622910647      -8.350309548    
  0.7789460465      -8.399136349    
  0.7956010283      -8.457808719    
  0.8122560101      -8.527003243    
  0.8289109918      -8.607086993    
  0.8455659736      -8.698044334    
  0.8622209554      -8.799473462    
  0.8788759372      -8.910616367    
  0.8955309189      -9.030408345    
  0.9121859007      -9.157666893    
  0.9288408825      -9.291036048    
  0.9454958643      -9.429154208    
  0.9621508460      -9.570720527    
  0.9788058278      -9.714513284    
  0.9954608096      -9.859426089    
   1.012115791      -10.00444848    
   1.028770773      -10.14870697    
   1.045425755      -10.29143028    
   1.062080737      -10.43194214    
   1.078735718      -10.56966938    
   1.095390700      -10.70410217    
   1.112045682      -10.83480704    
   1.128700664      -10.96139924    
   1.145355646      -11.08355342    
   1.162010627      -11.20098470    
   1.178665609      -11.31344540    
   1.195320591      -11.42071982    
   1.211975573      -11.52260442    
   1.228630554      -11.61896327    
   1.245285536      -11.70964371    
   1.261940518      -11.79451624    
   1.278595500      -11.87347109    
   1.295250482      -11.94641165    
   1.311905463      -12.01325144    
   1.328560445      -12.07392614    
   1.345215427      -12.12836801    
   1.361870409      -12.17652065    
   1.378525390      -12.21834285    
   1.395180372      -12.25379335    
   1.411835354      -12.28284386    
   1.428490336      -12.30546190    
   1.445145317      -12.32163235    
   1.461800299      -12.33133953    
   1.478455281      -12.33457616    
   1.478455281      -12.33457616    
   1.495028740      -12.33137117    
   1.511602199      -12.32175934    
   1.528175658      -12.30574745    
   1.544749117      -12.28335716    
   1.561322577      -12.25460840    
   1.577896036      -12.21953152    
   1.594469495      -12.17816503    
   1.611042954      -12.13055658    
   1.627616413      -12.07676970    
   1.644189872      -12.01686379    
   1.660763331      -11.95093336    
   1.677336790      -11.87907275    
   1.693910249      -11.80139878    
   1.710483708      -11.71805983    
   1.727057168      -11.62922969    
   1.743630627      -11.53511874    
   1.760204086      -11.43598328    
   1.776777545      -11.33213782    
   1.793351004      -11.22397148    
   1.809924463      -11.11197025    
   1.826497922      -10.99674550    
   1.843071381      -10.87907544    
   1.859644840      -10.75995820    
   1.876218300      -10.64068143    
   1.892791759      -10.52292469    
   1.909365218      -10.40885843    
   1.925938677      -10.30127831    
   1.942512136      -10.20370034    
   1.959085595      -10.12035336    
   1.975659054      -10.05593323    
   1.992232513      -10.01496705    
   2.008805972      -10.00087954    
   2.008805972      -10.00087954    
   2.025914059      -9.999554657    
   2.043022146      -9.995496524    
   2.060130233      -9.988676898    
   2.077238320      -9.979015686    
   2.094346406      -9.966405709    
   2.111454493      -9.950717120    
   2.128562580      -9.931807913    
   2.145670667      -9.909507777    
   2.162778754      -9.883654483    
   2.179886840      -9.854078570    
   2.196994927      -9.820614804    
   2.214103014      -9.783096787    
   2.231211101      -9.741375540    
   2.248319188      -9.695306043    
   2.265427275      -9.644762340    
   2.282535361      -9.589646856    
   2.299643448      -9.529831964    
   2.316751535      -9.465265144    
   2.333859622      -9.395863413    
   2.350967709      -9.321594927    
   2.368075795      -9.242450487    
   2.385183882      -9.158412350    
   2.402291969      -9.069513631    
   2.419400056      -8.975804720    
   2.436508143      -8.877364603    
   2.453616230      -8.774282870    
   2.470724316      -8.666750832    
   2.487832403      -8.554940170    
   2.504940490      -8.439091971    
   2.522048577      -8.319507726    
   2.539156664      -8.196584820    
   2.539156664      -8.196584820    
   2.556167670      -8.195446107    
   2.573178676      -8.192072810    
   2.590189683      -8.186509799    
   2.607200689      -8.178903565    
   2.624211695      -8.169452892    
   2.641222702      -8.158351980    
   2.658233708      -8.145901544    
   2.675244714      -8.132430623    
   2.692255721      -8.118353555    
   2.709266727      -8.103974480    
   2.726277734      -8.089817781    
   2.743288740      -8.076313601    
   2.760299746      -8.063916524    
   2.777310753      -8.053069809    
   2.794321759      -8.044160052    
   2.811332765      -8.037528839    
   2.828343772      -8.033443509    
   2.845354778      -8.032063174    
   2.845354778      -8.032063174    
   2.862675959      -8.162210804    
   2.879997140      -8.292765191    
   2.897318321      -8.422415316    
   2.914639502      -8.550084891    
   2.931960683      -8.674889226    
   2.949281864      -8.796117499    
   2.966603045      -8.913134591    
   2.983924226      -9.025538020    
   3.001245407      -9.132882829    
   3.018566588      -9.234835648    
   3.035887770      -9.331117813    
   3.053208951      -9.421481592    
   3.070530132      -9.505763426    
   3.087851313      -9.583781160    
   3.105172494      -9.655395365    
   3.122493675      -9.720488253    
   3.139814856      -9.778953018    
   3.157136037      -9.830722096    
   3.174457218      -9.875713031    
   3.191778399      -9.913876623    
   3.209099580      -9.945161689    
   3.226420761      -9.969531185    
   3.243741942      -9.986957063    
   3.261063123      -9.997414829    
   3.278384304      -10.00087954    
     
   0.000000000     -0.3836890775    
  0.1701100635E-01 -0.4078910930    
  0.3402201271E-01 -0.4783133546    
  0.5103301906E-01 -0.5892610724    
  0.6804402542E-01 -0.7334200655    
  0.8505503177E-01 -0.9035698538    
  0.1020660381      -1.093517597    
  0.1190770445      -1.298352274    
  0.1360880508      -1.514338524    
  0.1530990572      -1.738697633    
  0.1701100635      -1.969352630    
  0.1871210699      -2.204832320    
  0.2041320763      -2.443890717    
  0.2211430826      -2.685714590    
  0.2381540890      -2.929642762    
  0.2551650953      -3.175158259    
  0.2721761017      -3.421918369    
  0.2891871080      -3.669436070    
  0.3061981144      -3.917486430    
  0.3232091207      -4.165804808    
  0.3402201271      -4.414119651    
  0.3572311334      -4.662250875    
  0.3742421398      -4.909935720    
  0.3912531462      -5.156942090    
  0.4082641525      -5.403035365    
  0.4252751589      -5.647977347    
  0.4422861652      -5.891526166    
  0.4592971716      -6.133436875    
  0.4763081779      -6.373462510    
  0.4933191843      -6.611355436    
  0.5103301906      -6.846813563    
  0.5273411970      -7.079708530    
  0.5443522034      -7.309738101    
  0.5613632097      -7.536666539    
  0.5783742161      -7.760264264    
  0.5953852224      -7.980307880    
  0.6123962288      -8.196584817    
  0.6123962288      -8.196584817    
  0.6290512105      -8.193095863    
  0.6457061923      -8.182643972    
  0.6623611741      -8.165203843    
  0.6790161559      -8.140792245    
  0.6956711376      -8.109475390    
  0.7123261194      -8.071142241    
  0.7289811012      -8.025856471    
  0.7456360830      -7.973628313    
  0.7622910647      -7.914468811    
  0.7789460465      -7.848390635    
  0.7956010283      -7.775408140    
  0.8122560101      -7.695500955    
  0.8289109918      -7.608762376    
  0.8455659736      -7.515173374    
  0.8622209554      -7.414755893    
  0.8788759372      -7.307533919    
  0.8955309189      -7.193530016    
  0.9121859007      -7.072780522    
  0.9288408825      -6.945323705    
  0.9454958643      -6.811175275    
  0.9621508460      -6.670394929    
  0.9788058278      -6.522998270    
  0.9954608096      -6.369042988    
   1.012115791      -6.208578580    
   1.028770773      -6.041659454    
   1.045425755      -5.868345610    
   1.062080737      -5.688703478    
   1.078735718      -5.502806942    
   1.095390700      -5.310738632    
   1.112045682      -5.112663412    
   1.128700664      -4.908548035    
   1.145355646      -4.698580142    
   1.162010627      -4.482898529    
   1.178665609      -4.261664718    
   1.195320591      -4.035068697    
   1.211975573      -3.803169598    
   1.228630554      -3.566553245    
   1.245285536      -3.325419480    
   1.261940518      -3.080167667    
   1.278595500      -2.831317953    
   1.295250482      -2.579536139    
   1.311905463      -2.325633053    
   1.328560445      -2.070887266    
   1.345215427      -1.816810356    
   1.361870409      -1.565577879    
   1.378525390      -1.320277965    
   1.395180372      -1.085328149    
   1.411835354     -0.8672615182    
   1.428490336     -0.6749241800    
   1.445145317     -0.5207437573    
   1.461800299     -0.4193129966    
   1.478455281     -0.3836890775    
   1.478455281     -0.3836890775    
   1.495028740     -0.4231187463    
   1.511602199     -0.5354762724    
   1.528175658     -0.7065405732    
   1.544749117     -0.9207435715    
   1.561322577      -1.164848432    
   1.577896036      -1.429136363    
   1.594469495      -1.706761811    
   1.611042954      -1.992934758    
   1.627616413      -2.284403285    
   1.644189872      -2.578400691    
   1.660763331      -2.873232124    
   1.677336790      -3.167492884    
   1.693910249      -3.459963559    
   1.710483708      -3.749742218    
   1.727057168      -4.036014732    
   1.743630627      -4.318051477    
   1.760204086      -4.595169498    
   1.776777545      -4.866699733    
   1.793351004      -5.131955704    
   1.809924463      -5.390205468    
   1.826497922      -5.640614292    
   1.843071381      -5.882226601    
   1.859644840      -6.113888927    
   1.876218300      -6.334157506    
   1.892791759      -6.541289687    
   1.909365218      -6.732993621    
   1.925938677      -6.906394261    
   1.942512136      -7.057910482    
   1.959085595      -7.183261522    
   1.975659054      -7.277711956    
   1.992232513      -7.336684736    
   2.008805972      -7.356754373    
   2.008805972      -7.356754373    
   2.025914059      -7.352758335    
   2.043022146      -7.340778742    
   2.060130233      -7.321017316    
   2.077238320      -7.293785782    
   2.094346406      -7.259532380    
   2.111454493      -7.218855676    
   2.128562580      -7.172525105    
   2.145670667      -7.121510019    
   2.162778754      -7.067017150    
   2.179886840      -7.010543533    
   2.196994927      -6.953931480    
   2.214103014      -6.899434386    
   2.231211101      -6.849775740    
   2.248319188      -6.808058904    
   2.265427275      -6.777805954    
   2.282535361      -6.762544724    
   2.299643448      -6.765400711    
   2.316751535      -6.788525051    
   2.333859622      -6.832599151    
   2.350967709      -6.896749861    
   2.368075795      -6.978815653    
   2.385183882      -7.075834600    
   2.402291969      -7.184636187    
   2.419400056      -7.302200870    
   2.436508143      -7.425870842    
   2.453616230      -7.553377331    
   2.470724316      -7.682973439    
   2.487832403      -7.813151948    
   2.504940490      -7.942739613    
   2.522048577      -8.070793101    
   2.539156664      -8.196584817    
   2.539156664      -8.196584817    
   2.556167670      -8.195446104    
   2.573178676      -8.192072807    
   2.590189683      -8.186509796    
   2.607200689      -8.178903562    
   2.624211695      -8.169452889    
   2.641222702      -8.158351977    
   2.658233708      -8.145901541    
   2.675244714      -8.132430619    
   2.692255721      -8.118353552    
   2.709266727      -8.103974477    
   2.726277734      -8.089817778    
   2.743288740      -8.076313598    
   2.760299746      -8.063916521    
   2.777310753      -8.053069805    
   2.794321759      -8.044160048    
   2.811332765      -8.037528836    
   2.828343772      -8.033443506    
   2.845354778      -8.032063171    
   2.845354778      -8.032063171    
   2.862675959      -7.903905735    
   2.879997140      -7.779619443    
   2.897318321      -7.661382413    
   2.914639502      -7.551587081    
   2.931960683      -7.452712831    
   2.949281864      -7.367075332    
   2.966603045      -7.296458252    
   2.983924226      -7.241844106    
   3.001245407      -7.203167171    
   3.018566588      -7.179377940    
   3.035887770      -7.168607395    
   3.053208951      -7.168619923    
   3.070530132      -7.177005609    
   3.087851313      -7.191479483    
   3.105172494      -7.210003295    
   3.122493675      -7.230835035    
   3.139814856      -7.252528180    
   3.157136037      -7.273909938    
   3.174457218      -7.294029691    
   3.191778399      -7.312144870    
   3.209099580      -7.327674088    
   3.226420761      -7.340175069    
   3.243741942      -7.349323699    
   3.261063123      -7.354892798    
   3.278384304      -7.356754373    
     
   0.000000000     -0.3836890759    
  0.1701100635E-01 -0.3983219301    
  0.3402201271E-01 -0.4409305801    
  0.5103301906E-01 -0.5078953100    
  0.6804402542E-01 -0.5950516669    
  0.8505503177E-01 -0.6974663639    
  0.1020660381     -0.8108994898    
  0.1190770445     -0.9318263596    
  0.1360880508      -1.057440760    
  0.1530990572      -1.185696573    
  0.1701100635      -1.314617655    
  0.1871210699      -1.443031545    
  0.2041320763      -1.569913887    
  0.2211430826      -1.694458179    
  0.2381540890      -1.816022740    
  0.2551650953      -1.934091384    
  0.2721761017      -2.048433206    
  0.2891871080      -2.158321790    
  0.3061981144      -2.263663351    
  0.3232091207      -2.364218235    
  0.3402201271      -2.459780168    
  0.3572311334      -2.550185635    
  0.3742421398      -2.635283175    
  0.3912531462      -2.714946509    
  0.4082641525      -2.789098063    
  0.4252751589      -2.857580537    
  0.4422861652      -2.920344374    
  0.4592971716      -2.977319226    
  0.4763081779      -3.028444457    
  0.4933191843      -3.073668074    
  0.5103301906      -3.112917671    
  0.5273411970      -3.146212940    
  0.5443522034      -3.173494473    
  0.5613632097      -3.194737793    
  0.5783742161      -3.209924180    
  0.5953852224      -3.219018419    
  0.6123962288      -3.222058849    
  0.6123962288      -3.222058849    
  0.6290512105      -3.244741456    
  0.6457061923      -3.310027648    
  0.6623611741      -3.410532702    
  0.6790161559      -3.536818836    
  0.6956711376      -3.679535940    
  0.7123261194      -3.830458480    
  0.7289811012      -3.982781699    
  0.7456360830      -4.131009231    
  0.7622910647      -4.270714442    
  0.7789460465      -4.398346468    
  0.7956010283      -4.511103855    
  0.8122560101      -4.606864344    
  0.8289109918      -4.684173428    
  0.8455659736      -4.742183762    
  0.8622209554      -4.780630784    
  0.8788759372      -4.799736123    
  0.8955309189      -4.800155144    
  0.9121859007      -4.782789423    
  0.9288408825      -4.748732128    
  0.9454958643      -4.699122601    
  0.9621508460      -4.635153035    
  0.9788058278      -4.557921142    
  0.9954608096      -4.468536866    
   1.012115791      -4.367899485    
   1.028770773      -4.256939333    
   1.045425755      -4.136473745    
   1.062080737      -4.007249372    
   1.078735718      -3.869969585    
   1.095390700      -3.725284297    
   1.112045682      -3.573824076    
   1.128700664      -3.416183431    
   1.145355646      -3.252971737    
   1.162010627      -3.084800920    
   1.178665609      -2.912304777    
   1.195320591      -2.736152749    
   1.211975573      -2.557060298    
   1.228630554      -2.375739121    
   1.245285536      -2.193227442    
   1.261940518      -2.010414692    
   1.278595500      -1.828405591    
   1.295250482      -1.648442537    
   1.311905463      -1.471974677    
   1.328560445      -1.300694301    
   1.345215427      -1.136477656    
   1.361870409     -0.9813379940    
   1.378525390     -0.8380640921    
   1.395180372     -0.7092371683    
   1.411835354     -0.5978274107    
   1.428490336     -0.5068791444    
   1.445145317     -0.4394246222    
   1.461800299     -0.3977728827    
   1.478455281     -0.3836890759    
   1.478455281     -0.3836890759    
   1.495028740     -0.3892531078    
   1.511602199     -0.4056745688    
   1.528175658     -0.4320788123    
   1.544749117     -0.4675440895    
   1.561322577     -0.5105729157    
   1.577896036     -0.5597055817    
   1.594469495     -0.6135146121    
   1.611042954     -0.6706794987    
   1.627616413     -0.7301281566    
   1.644189872     -0.7906422878    
   1.660763331     -0.8514598719    
   1.677336790     -0.9119499314    
   1.693910249     -0.9713211210    
   1.710483708      -1.029175354    
   1.727057168      -1.085107628    
   1.743630627      -1.138787697    
   1.760204086      -1.189947521    
   1.776777545      -1.238370630    
   1.793351004      -1.283883207    
   1.809924463      -1.326430676    
   1.826497922      -1.365737139    
   1.843071381      -1.401799018    
   1.859644840      -1.434549865    
   1.876218300      -1.463931889    
   1.892791759      -1.489921367    
   1.909365218      -1.512482971    
   1.925938677      -1.531596521    
   1.942512136      -1.547247870    
   1.959085595      -1.559427405    
   1.975659054      -1.568128862    
   1.992232513      -1.573220733    
   2.008805972      -1.574941387    
   2.008805972      -1.574941387    
   2.025914059      -1.603082178    
   2.043022146      -1.683345716    
   2.060130233      -1.806226783    
   2.077238320      -1.960412344    
   2.094346406      -2.135720294    
   2.111454493      -2.324049886    
   2.128562580      -2.519238262    
   2.145670667      -2.716502602    
   2.162778754      -2.912019835    
   2.179886840      -3.102509210    
   2.196994927      -3.284876495    
   2.214103014      -3.456058306    
   2.231211101      -3.612819965    
   2.248319188      -3.751696485    
   2.265427275      -3.869090866    
   2.282535361      -3.961520650    
   2.299643448      -4.026007807    
   2.316751535      -4.060762598    
   2.333859622      -4.065589391    
   2.350967709      -4.042040557    
   2.368075795      -3.993232743    
   2.385183882      -3.923306284    
   2.402291969      -3.837039508    
   2.419400056      -3.739520104    
   2.436508143      -3.636070779    
   2.453616230      -3.532303132    
   2.470724316      -3.434206371    
   2.487832403      -3.348126759    
   2.504940490      -3.280480156    
   2.522048577      -3.237031552    
   2.539156664      -3.222058849    
   2.539156664      -3.222058849    
   2.556167670      -3.232598331    
   2.573178676      -3.263457602    
   2.590189683      -3.312323545    
   2.607200689      -3.376070185    
   2.624211695      -3.450986844    
   2.641222702      -3.533456234    
   2.658233708      -3.620093645    
   2.675244714      -3.707897300    
   2.692255721      -3.794273605    
   2.709266727      -3.876986844    
   2.726277734      -3.954178596    
   2.743288740      -4.024229766    
   2.760299746      -4.085782801    
   2.777310753      -4.137707876    
   2.794321759      -4.179063252    
   2.811332765      -4.209118841    
   2.828343772      -4.227368603    
   2.845354778      -4.233487211    
   2.845354778      -4.233487211    
   2.862675959      -4.325087479    
   2.879997140      -4.401994330    
   2.897318321      -4.461825004    
   2.914639502      -4.502007704    
   2.931960683      -4.519953717    
   2.949281864      -4.513295833    
   2.966603045      -4.480209171    
   2.983924226      -4.419794465    
   3.001245407      -4.332195197    
   3.018566588      -4.218640172    
   3.035887770      -4.081198999    
   3.053208951      -3.922493891    
   3.070530132      -3.745395297    
   3.087851313      -3.552809606    
   3.105172494      -3.347621028    
   3.122493675      -3.132718335    
   3.139814856      -2.911114186    
   3.157136037      -2.686214129    
   3.174457218      -2.461977396    
   3.191778399      -2.243661457    
   3.209099580      -2.038230769    
   3.226420761      -1.855256259    
   3.243741942      -1.707409332    
   3.261063123      -1.609569291    
   3.278384304      -1.574941387    
     
   0.000000000     -0.3836889395    
  0.1701100635E-01 -0.3983217941    
  0.3402201271E-01 -0.4409304470    
  0.5103301906E-01 -0.5078951836    
  0.6804402542E-01 -0.5950515455    
  0.8505503177E-01 -0.6974662484    
  0.1020660381     -0.8108993806    
  0.1190770445     -0.9318262571    
  0.1360880508      -1.057440664    
  0.1530990572      -1.185696482    
  0.1701100635      -1.314617570    
  0.1871210699      -1.443031466    
  0.2041320763      -1.569913813    
  0.2211430826      -1.694458110    
  0.2381540890      -1.816022675    
  0.2551650953      -1.934091323    
  0.2721761017      -2.048433161    
  0.2891871080      -2.158321749    
  0.3061981144      -2.263663313    
  0.3232091207      -2.364218200    
  0.3402201271      -2.459780139    
  0.3572311334      -2.550185608    
  0.3742421398      -2.635283150    
  0.3912531462      -2.714946485    
  0.4082641525      -2.789098044    
  0.4252751589      -2.857580519    
  0.4422861652      -2.920344357    
  0.4592971716      -2.977319210    
  0.4763081779      -3.028444442    
  0.4933191843      -3.073668060    
  0.5103301906      -3.112917665    
  0.5273411970      -3.146212934    
  0.5443522034      -3.173494468    
  0.5613632097      -3.194737788    
  0.5783742161      -3.209924176    
  0.5953852224      -3.219018418    
  0.6123962288      -3.222058847    
  0.6123962288      -3.222058847    
  0.6290512105      -3.219466315    
  0.6457061923      -3.211693670    
  0.6623611741      -3.198755820    
  0.6790161559      -3.180677778    
  0.6956711376      -3.157496835    
  0.7123261194      -3.129255203    
  0.7289811012      -3.096012080    
  0.7456360830      -3.057836462    
  0.7622910647      -3.014809784    
  0.7789460465      -2.967026729    
  0.7956010283      -2.914596178    
  0.8122560101      -2.857585856    
  0.8289109918      -2.796249088    
  0.8455659736      -2.730688177    
  0.8622209554      -2.661080891    
  0.8788759372      -2.587623503    
  0.8955309189      -2.510512464    
  0.9121859007      -2.430051211    
  0.9288408825      -2.346492234    
  0.9454958643      -2.260115094    
  0.9621508460      -2.171266569    
  0.9788058278      -2.080294941    
  0.9954608096      -1.987599666    
   1.012115791      -1.893607054    
   1.028770773      -1.798775926    
   1.045425755      -1.703596217    
   1.062080737      -1.608586213    
   1.078735718      -1.514288108    
   1.095390700      -1.421261627    
   1.112045682      -1.330076619    
   1.128700664      -1.241297702    
   1.145355646      -1.155479328    
   1.162010627      -1.073146094    
   1.178665609     -0.9947792117    
   1.195320591     -0.9208016872    
   1.211975573     -0.8515226621    
   1.228630554     -0.7871250076    
   1.245285536     -0.7281010056    
   1.261940518     -0.6743521356    
   1.278595500     -0.6258755817    
   1.295250482     -0.5825858886    
   1.311905463     -0.5441795574    
   1.328560445     -0.5107466181    
   1.345215427     -0.4818743417    
   1.361870409     -0.4572563420    
   1.378525390     -0.4366642620    
   1.395180372     -0.4197873046    
   1.411835354     -0.4066174638    
   1.428490336     -0.3964409184    
   1.445145317     -0.3893097587    
   1.461800299     -0.3850871187    
   1.478455281     -0.3836889395    
   1.478455281     -0.3836889395    
   1.495028740     -0.3892530197    
   1.511602199     -0.4056744842    
   1.528175658     -0.4320787362    
   1.544749117     -0.4675440207    
   1.561322577     -0.5105728551    
   1.577896036     -0.5597055297    
   1.594469495     -0.6135145690    
   1.611042954     -0.6706794643    
   1.627616413     -0.7301281305    
   1.644189872     -0.7906422697    
   1.660763331     -0.8514598633    
   1.677336790     -0.9119499293    
   1.693910249     -0.9713211122    
   1.710483708      -1.029175339    
   1.727057168      -1.085107608    
   1.743630627      -1.138787671    
   1.760204086      -1.189947490    
   1.776777545      -1.238370594    
   1.793351004      -1.283883167    
   1.809924463      -1.326430636    
   1.826497922      -1.365737096    
   1.843071381      -1.401798972    
   1.859644840      -1.434549817    
   1.876218300      -1.463931838    
   1.892791759      -1.489921314    
   1.909365218      -1.512482916    
   1.925938677      -1.531596465    
   1.942512136      -1.547247812    
   1.959085595      -1.559427346    
   1.975659054      -1.568128802    
   1.992232513      -1.573220673    
   2.008805972      -1.574941323    
   2.008805972      -1.574941323    
   2.025914059      -1.582292024    
   2.043022146      -1.603526645    
   2.060130233      -1.637980917    
   2.077238320      -1.684388007    
   2.094346406      -1.741184763    
   2.111454493      -1.806657251    
   2.128562580      -1.879078153    
   2.145670667      -1.956753101    
   2.162778754      -2.038148060    
   2.179886840      -2.121874544    
   2.196994927      -2.206714115    
   2.214103014      -2.291597902    
   2.231211101      -2.375632686    
   2.248319188      -2.457990856    
   2.265427275      -2.538039312    
   2.282535361      -2.615214338    
   2.299643448      -2.689015691    
   2.316751535      -2.759061792    
   2.333859622      -2.824973316    
   2.350967709      -2.886470598    
   2.368075795      -2.943338850    
   2.385183882      -2.995298920    
   2.402291969      -3.042205795    
   2.419400056      -3.083909102    
   2.436508143      -3.120283259    
   2.453616230      -3.151222576    
   2.470724316      -3.176646805    
   2.487832403      -3.196487401    
   2.504940490      -3.210671582    
   2.522048577      -3.219210307    
   2.539156664      -3.222058847    
   2.539156664      -3.222058847    
   2.556167670      -3.232598330    
   2.573178676      -3.263457601    
   2.590189683      -3.312323544    
   2.607200689      -3.376070184    
   2.624211695      -3.450986843    
   2.641222702      -3.533456233    
   2.658233708      -3.620093644    
   2.675244714      -3.707897298    
   2.692255721      -3.794273603    
   2.709266727      -3.876986842    
   2.726277734      -3.954178594    
   2.743288740      -4.024229764    
   2.760299746      -4.085782799    
   2.777310753      -4.137707873    
   2.794321759      -4.179063250    
   2.811332765      -4.209118838    
   2.828343772      -4.227368600    
   2.845354778      -4.233487208    
   2.845354778      -4.233487208    
   2.862675959      -4.129341861    
   2.879997140      -4.014560260    
   2.897318321      -3.890846157    
   2.914639502      -3.759723709    
   2.931960683      -3.622545736    
   2.949281864      -3.480771085    
   2.966603045      -3.335617753    
   2.983924226      -3.188376506    
   3.001245407      -3.040327065    
   3.018566588      -2.892787753    
   3.035887770      -2.747073698    
   3.053208951      -2.604602425    
   3.070530132      -2.466765261    
   3.087851313      -2.334946542    
   3.105172494      -2.210501427    
   3.122493675      -2.094707270    
   3.139814856      -1.988677438    
   3.157136037      -1.893502049    
   3.174457218      -1.809939517    
   3.191778399      -1.738600430    
   3.209099580      -1.679904730    
   3.226420761      -1.634109646    
   3.243741942      -1.601349159    
   3.261063123      -1.581676751    
   3.278384304      -1.574941323    
     
   0.000000000       2.185297210    
  0.1701100635E-01   2.176404824    
  0.3402201271E-01   2.150085251    
  0.5103301906E-01   2.107525663    
  0.6804402542E-01   2.049966304    
  0.8505503177E-01   1.979500394    
  0.1020660381       1.898235389    
  0.1190770445       1.808304301    
  0.1360880508       1.711753084    
  0.1530990572       1.610469050    
  0.1701100635       1.506155191    
  0.1871210699       1.400307422    
  0.2041320763       1.294232805    
  0.2211430826       1.189062832    
  0.2381540890       1.085773493    
  0.2551650953      0.9852060043    
  0.2721761017      0.8878394463    
  0.2891871080      0.7947863819    
  0.3061981144      0.7063563435    
  0.3232091207      0.6230275574    
  0.3402201271      0.5453369457    
  0.3572311334      0.4734229569    
  0.3742421398      0.4077382039    
  0.3912531462      0.3485833721    
  0.4082641525      0.2961038382    
  0.4252751589      0.2507920789    
  0.4422861652      0.2127653224    
  0.4592971716      0.1822401561    
  0.4763081779      0.1594205447    
  0.4933191843      0.1445001276    
  0.5103301906      0.1377082106    
  0.5273411970      0.1391355096    
  0.5443522034      0.1489980436    
  0.5613632097      0.1674634740    
  0.5783742161      0.1946951096    
  0.5953852224      0.2312401442    
  0.6123962288      0.2764699678    
  0.6123962288      0.2764699678    
  0.6290512105      0.2794938544    
  0.6457061923      0.2885345384    
  0.6623611741      0.3035246703    
  0.6790161559      0.3246178501    
  0.6956711376      0.3516012406    
  0.7123261194      0.3845817183    
  0.7289811012      0.4234278243    
  0.7456360830      0.4680692551    
  0.7622910647      0.5184216096    
  0.7789460465      0.5743847411    
  0.7956010283      0.6358407671    
  0.8122560101      0.7026549179    
  0.8289109918      0.7746595358    
  0.8455659736      0.8516699981    
  0.8622209554      0.9334674266    
  0.8788759372       1.019894522    
  0.8955309189       1.110456808    
  0.9121859007       1.204900817    
  0.9288408825       1.302815914    
  0.9454958643       1.403737755    
  0.9621508460       1.507069414    
  0.9788058278       1.612206150    
  0.9954608096       1.718348902    
   1.012115791       1.824592606    
   1.028770773       1.929884499    
   1.045425755       2.033012259    
   1.062080737       2.132601898    
   1.078735718       2.227133343    
   1.095390700       2.314983788    
   1.112045682       2.394377014    
   1.128700664       2.464019025    
   1.145355646       2.522505167    
   1.162010627       2.568972549    
   1.178665609       2.603110140    
   1.195320591       2.625210944    
   1.211975573       2.636265476    
   1.228630554       2.637521977    
   1.245285536       2.630123787    
   1.261940518       2.615963751    
   1.278595500       2.596583734    
   1.295250482       2.573501094    
   1.311905463       2.518425220    
   1.328560445       2.455191123    
   1.345215427       2.398596758    
   1.361870409       2.348649580    
   1.378525390       2.305350703    
   1.395180372       2.268706312    
   1.411835354       2.238614441    
   1.428490336       2.215289782    
   1.445145317       2.198627832    
   1.461800299       2.188630074    
   1.478455281       2.185297210    
   1.478455281       2.185297210    
   1.495028740       2.193477200    
   1.511602199       2.216577218    
   1.528175658       2.230334423    
   1.544749117       2.226029163    
   1.561322577       2.203855324    
   1.577896036       2.167641929    
   1.594469495       2.121197493    
   1.611042954       2.067501179    
   1.627616413       2.008778859    
   1.644189872       1.946842898    
   1.660763331       1.882559990    
   1.677336790       1.817874749    
   1.693910249       1.753441768    
   1.710483708       1.689896821    
   1.727057168       1.627846053    
   1.743630627       1.567787564    
   1.760204086       1.510130778    
   1.776777545       1.455212051    
   1.793351004       1.403307378    
   1.809924463       1.354652197    
   1.826497922       1.309410148    
   1.843071381       1.267743356    
   1.859644840       1.229773825    
   1.876218300       1.195922635    
   1.892791759       1.165611029    
   1.909365218       1.139237305    
   1.925938677       1.116850955    
   1.942512136       1.098490349    
   1.959085595       1.084184558    
   1.975659054       1.073954783    
   1.992232513       1.067841875    
   2.008805972       1.065935080    
   2.008805972       1.065935080    
   2.025914059       1.094072047    
   2.043022146       1.173976276    
   2.060130233       1.292823659    
   2.077238320       1.432856304    
   2.094346406       1.572346385    
   2.111454493       1.685895925    
   2.128562580       1.750378887    
   2.145670667       1.757867223    
   2.162778754       1.718422644    
   2.179886840       1.647806668    
   2.196994927       1.558800454    
   2.214103014       1.459706364    
   2.231211101       1.355870534    
   2.248319188       1.250745847    
   2.265427275       1.146633798    
   2.282535361       1.045084823    
   2.299643448      0.9473857327    
   2.316751535      0.8543442652    
   2.333859622      0.7665509245    
   2.350967709      0.6846550492    
   2.368075795      0.6089919918    
   2.385183882      0.5398867558    
   2.402291969      0.4776067896    
   2.419400056      0.4223817870    
   2.436508143      0.3744248628    
   2.453616230      0.3340302830    
   2.470724316      0.3013703298    
   2.487832403      0.2770541399    
   2.504940490      0.2624198299    
   2.522048577      0.2601416706    
   2.539156664      0.2764699678    
   2.539156664      0.2764699678    
   2.556167670      0.2955620843    
   2.573178676      0.3518460683    
   2.590189683      0.4435611730    
   2.607200689      0.5672381673    
   2.624211695      0.7196156369    
   2.641222702      0.8971128337    
   2.658233708       1.096487227    
   2.675244714       1.314924428    
   2.692255721       1.549968499    
   2.709266727       1.799684135    
   2.726277734       2.062160026    
   2.743288740       2.335764232    
   2.760299746       2.618776277    
   2.777310753       2.909043729    
   2.794321759       3.203059093    
   2.811332765       3.492990108    
   2.828343772       3.752911717    
   2.845354778       3.882499983    
   2.845354778       3.882499983    
   2.862675959       3.768262414    
   2.879997140       3.640665730    
   2.897318321       3.512641116    
   2.914639502       3.389492620    
   2.931960683       3.273713785    
   2.949281864       3.166707752    
   2.966603045       3.069468649    
   2.983924226       2.982663597    
   3.001245407       2.906928680    
   3.018566588       2.842682836    
   3.035887770       2.790627274    
   3.053208951       2.704816690    
   3.070530132       2.589033163    
   3.087851313       2.473116094    
   3.105172494       2.355011422    
   3.122493675       2.232109453    
   3.139814856       2.101442498    
   3.157136037       1.960231906    
   3.174457218       1.807279552    
   3.191778399       1.644534960    
   3.209099580       1.478614991    
   3.226420761       1.321208759    
   3.243741942       1.188318590    
   3.261063123       1.098091138    
   3.278384304       1.065935080    
     
   0.000000000       2.185297572    
  0.1701100635E-01   2.204177399    
  0.3402201271E-01   2.259521972    
  0.5103301906E-01   2.348051627    
  0.6804402542E-01   2.464845417    
  0.8505503177E-01   2.605297362    
  0.1020660381       2.765117118    
  0.1190770445       2.940720964    
  0.1360880508       3.129236573    
  0.1530990572       3.328290431    
  0.1701100635       3.536325948    
  0.1871210699       3.751855053    
  0.2041320763       3.852648227    
  0.2211430826       3.718770718    
  0.2381540890       3.546955928    
  0.2551650953       3.352236162    
  0.2721761017       3.145197369    
  0.2891871080       2.933389629    
  0.3061981144       2.721402130    
  0.3232091207       2.512435877    
  0.3402201271       2.308984988    
  0.3572311334       2.111942540    
  0.3742421398       1.922706884    
  0.3912531462       1.742039751    
  0.4082641525       1.570478919    
  0.4252751589       1.408397755    
  0.4422861652       1.256046373    
  0.4592971716       1.113580934    
  0.4763081779      0.9810851395    
  0.4933191843      0.8585863567    
  0.5103301906      0.7464191855    
  0.5273411970      0.6438313158    
  0.5443522034      0.5510944723    
  0.5613632097      0.4681102329    
  0.5783742161      0.3947640754    
  0.5953852224      0.3309304379    
  0.6123962288      0.2764699730    
  0.6123962288      0.2764699730    
  0.6290512105      0.3099364891    
  0.6457061923      0.4074324924    
  0.6623611741      0.5622213352    
  0.6790161559      0.7652006689    
  0.6956711376       1.007547170    
  0.7123261194       1.281772113    
  0.7289811012       1.581934055    
  0.7456360830       1.903467019    
  0.7622910647       2.242884340    
  0.7789460465       2.597488543    
  0.7956010283       2.965125450    
  0.8122560101       3.344075883    
  0.8289109918       3.732455960    
  0.8455659736       4.128546006    
  0.8622209554       4.529934695    
  0.8788759372       4.932583412    
  0.8955309189       5.326397861    
  0.9121859007       5.678674250    
  0.9288408825       5.767124263    
  0.9454958643       5.557661255    
  0.9621508460       5.353249502    
  0.9788058278       5.155251303    
  0.9954608096       4.962908687    
   1.012115791       4.776869697    
   1.028770773       4.596944407    
   1.045425755       4.423206568    
   1.062080737       4.255762790    
   1.078735718       4.094577168    
   1.095390700       3.939744690    
   1.112045682       3.791287687    
   1.128700664       3.649281053    
   1.145355646       3.513735735    
   1.162010627       3.384679062    
   1.178665609       3.262135001    
   1.195320591       3.146124608    
   1.211975573       3.036764794    
   1.228630554       2.933892095    
   1.245285536       2.837579921    
   1.261940518       2.747863606    
   1.278595500       2.664754329    
   1.295250482       2.588261937    
   1.311905463       2.547544504    
   1.328560445       2.519692840    
   1.345215427       2.490411494    
   1.361870409       2.450210045    
   1.378525390       2.386477861    
   1.395180372       2.329593661    
   1.411835354       2.280432321    
   1.428490336       2.240252002    
   1.445145317       2.210152447    
   1.461800299       2.191590574    
   1.478455281       2.185297572    
   1.478455281       2.185297572    
   1.495028740       2.193477439    
   1.511602199       2.217662951    
   1.528175658       2.256907304    
   1.544749117       2.309495432    
   1.561322577       2.373503242    
   1.577896036       2.446660715    
   1.594469495       2.526521510    
   1.611042954       2.610532436    
   1.627616413       2.696050383    
   1.644189872       2.780497880    
   1.660763331       2.861255030    
   1.677336790       2.935842899    
   1.693910249       3.002128515    
   1.710483708       3.058313196    
   1.727057168       3.103203729    
   1.743630627       3.136287095    
   1.760204086       3.157752124    
   1.776777545       3.168416681    
   1.793351004       3.169580644    
   1.809924463       3.162385192    
   1.826497922       3.149442446    
   1.843071381       3.132047464    
   1.859644840       3.111809496    
   1.876218300       3.090250634    
   1.892791759       3.068480643    
   1.909365218       3.047643424    
   1.925938677       3.028626762    
   1.942512136       3.012149595    
   1.959085595       2.998776668    
   1.975659054       2.988932101    
   1.992232513       2.983128111    
   2.008805972       2.981169480    
   2.008805972       2.981169480    
   2.025914059       2.973474414    
   2.043022146       2.952897717    
   2.060130233       2.924464531    
   2.077238320       2.897788140    
   2.094346406       2.888147894    
   2.111454493       2.916747575    
   2.128562580       3.004175329    
   2.145670667       3.157539195    
   2.162778754       3.366398922    
   2.179886840       3.614157724    
   2.196994927       3.887946383    
   2.214103014       4.177662928    
   2.231211101       4.466807526    
   2.248319188       4.558702703    
   2.265427275       4.237547516    
   2.282535361       3.880156807    
   2.299643448       3.525652079    
   2.316751535       3.178749285    
   2.333859622       2.841330825    
   2.350967709       2.514838894    
   2.368075795       2.200565489    
   2.385183882       1.900104641    
   2.402291969       1.615276512    
   2.419400056       1.348365327    
   2.436508143       1.102216930    
   2.453616230      0.8803461823    
   2.470724316      0.6869557792    
   2.487832403      0.5267309554    
   2.504940490      0.4041234348    
   2.522048577      0.3216249933    
   2.539156664      0.2764699730    
   2.539156664      0.2764699730    
   2.556167670      0.2955620895    
   2.573178676      0.3518460742    
   2.590189683      0.4435611788    
   2.607200689      0.5672381725    
   2.624211695      0.7196156421    
   2.641222702      0.8971128388    
   2.658233708       1.096487232    
   2.675244714       1.314924433    
   2.692255721       1.549968504    
   2.709266727       1.799684140    
   2.726277734       2.062160031    
   2.743288740       2.335764237    
   2.760299746       2.618776282    
   2.777310753       2.909043734    
   2.794321759       3.203059098    
   2.811332765       3.492990114    
   2.828343772       3.752911723    
   2.845354778       3.882499990    
   2.845354778       3.882499990    
   2.862675959       3.951375731    
   2.879997140       3.933344112    
   2.897318321       3.842051473    
   2.914639502       3.719388059    
   2.931960683       3.586938902    
   2.949281864       3.452715998    
   2.966603045       3.320077659    
   2.983924226       3.190386107    
   3.001245407       3.064158769    
   3.018566588       2.941366415    
   3.035887770       2.821955291    
   3.053208951       2.750996291    
   3.070530132       2.723946349    
   3.087851313       2.709563047    
   3.105172494       2.707606349    
   3.122493675       2.717472375    
   3.139814856       2.738324890    
   3.157136037       2.767686483    
   3.174457218       2.804337626    
   3.191778399       2.844888744    
   3.209099580       2.885933396    
   3.226420761       2.923620480    
   3.243741942       2.954081835    
   3.261063123       2.973965120    
   3.278384304       2.981169480    
     
   0.000000000       2.185297572    
  0.1701100635E-01   2.204177764    
  0.3402201271E-01   2.259522345    
  0.5103301906E-01   2.348052003    
  0.6804402542E-01   2.464845810    
  0.8505503177E-01   2.605297775    
  0.1020660381       2.765117556    
  0.1190770445       2.940721429    
  0.1360880508       3.129237069    
  0.1530990572       3.328290961    
  0.1701100635       3.536326515    
  0.1871210699       3.751855659    
  0.2041320763       3.973778262    
  0.2211430826       4.201217106    
  0.2381540890       4.433463201    
  0.2551650953       4.669940820    
  0.2721761017       4.909591053    
  0.2891871080       5.153173085    
  0.3061981144       5.399811797    
  0.3232091207       5.649246067    
  0.3402201271       5.901574489    
  0.3572311334       6.155969440    
  0.3742421398       6.412605762    
  0.3912531462       6.671338180    
  0.4082641525       6.931998289    
  0.4252751589       7.194454452    
  0.4422861652       7.458461012    
  0.4592971716       7.723696420    
  0.4763081779       7.989672992    
  0.4933191843       8.255619219    
  0.5103301906       8.520538198    
  0.5273411970       8.781728928    
  0.5443522034       9.035599287    
  0.5613632097       9.274885156    
  0.5783742161       9.485370920    
  0.5953852224       9.640137822    
  0.6123962288       9.699313773    
  0.6123962288       9.699313773    
  0.6290512105       9.667309225    
  0.6457061923       9.575470566    
  0.6623611741       9.434153462    
  0.6790161559       9.255578681    
  0.6956711376       9.050690767    
  0.7123261194       8.828050651    
  0.7289811012       8.593945363    
  0.7456360830       8.352886455    
  0.7622910647       8.108106222    
  0.7789460465       7.861942242    
  0.7956010283       7.616109661    
  0.8122560101       7.371941269    
  0.8289109918       7.130292212    
  0.8455659736       6.891971992    
  0.8622209554       6.657564297    
  0.8788759372       6.427580157    
  0.8955309189       6.202408162    
  0.9121859007       5.982161088    
  0.9288408825       5.873152032    
  0.9454958643       5.821237176    
  0.9621508460       5.663091690    
  0.9788058278       5.479436303    
  0.9954608096       5.290590801    
   1.012115791       5.103232004    
   1.028770773       4.919641602    
   1.045425755       4.740945814    
   1.062080737       4.567857335    
   1.078735718       4.400387378    
   1.095390700       4.238858298    
   1.112045682       4.083024234    
   1.128700664       3.933569822    
   1.145355646       3.790173978    
   1.162010627       3.652810235    
   1.178665609       3.521431892    
   1.195320591       3.395975517    
   1.211975573       3.276547272    
   1.228630554       3.163069811    
   1.245285536       3.054849603    
   1.261940518       2.952189965    
   1.278595500       2.854995998    
   1.295250482       2.763260148    
   1.311905463       2.676845016    
   1.328560445       2.595736307    
   1.345215427       2.520105328    
   1.361870409       2.459757860    
   1.378525390       2.426997338    
   1.395180372       2.390760757    
   1.411835354       2.348652288    
   1.428490336       2.299551656    
   1.445145317       2.246627061    
   1.461800299       2.202710820    
   1.478455281       2.185297572    
   1.478455281       2.185297572    
   1.495028740       2.195517523    
   1.511602199       2.217663186    
   1.528175658       2.256907524    
   1.544749117       2.309495644    
   1.561322577       2.373503443    
   1.577896036       2.446660907    
   1.594469495       2.526521691    
   1.611042954       2.610532607    
   1.627616413       2.696050549    
   1.644189872       2.780498040    
   1.660763331       2.861255184    
   1.677336790       2.935843055    
   1.693910249       3.002128673    
   1.710483708       3.058313359    
   1.727057168       3.103203898    
   1.743630627       3.136287274    
   1.760204086       3.157752314    
   1.776777545       3.168416882    
   1.793351004       3.169580856    
   1.809924463       3.162385404    
   1.826497922       3.149442668    
   1.843071381       3.132047694    
   1.859644840       3.111809732    
   1.876218300       3.090250871    
   1.892791759       3.068480885    
   1.909365218       3.047643670    
   1.925938677       3.028627009    
   1.942512136       3.012149845    
   1.959085595       2.998776919    
   1.975659054       2.988932353    
   1.992232513       2.983128360    
   2.008805972       2.981169728    
   2.008805972       2.981169728    
   2.025914059       2.994926270    
   2.043022146       3.036474371    
   2.060130233       3.104780964    
   2.077238320       3.198567024    
   2.094346406       3.316251619    
   2.111454493       3.456096679    
   2.128562580       3.616287555    
   2.145670667       3.795199127    
   2.162778754       3.991192209    
   2.179886840       4.202814009    
   2.196994927       4.429189447    
   2.214103014       4.668282207    
   2.231211101       4.919464528    
   2.248319188       4.897649181    
   2.265427275       5.172853583    
   2.282535361       5.498528139    
   2.299643448       5.835216541    
   2.316751535       6.177871412    
   2.333859622       6.524329489    
   2.350967709       6.873143746    
   2.368075795       7.222609738    
   2.385183882       7.570844848    
   2.402291969       7.897254826    
   2.419400056       8.214456025    
   2.436508143       8.525031658    
   2.453616230       8.822826973    
   2.470724316       9.098766661    
   2.487832403       9.340458337    
   2.504940490       9.532070527    
   2.522048577       9.656195409    
   2.539156664       9.699313773    
   2.539156664       9.699313773    
   2.556167670       9.671175431    
   2.573178676       9.582377759    
   2.590189683       9.424534598    
   2.607200689       9.196743458    
   2.624211695       8.911661373    
   2.641222702       8.587661107    
   2.658233708       8.240047118    
   2.675244714       7.879226398    
   2.692255721       7.511626246    
   2.709266727       7.142051730    
   2.726277734       6.772927400    
   2.743288740       6.406625626    
   2.760299746       6.045110290    
   2.777310753       5.690144213    
   2.794321759       5.346202969    
   2.811332765       5.020845896    
   2.828343772       4.739548557    
   2.845354778       4.602837055    
   2.845354778       4.602837055    
   2.862675959       4.530228844    
   2.879997140       4.559279000    
   2.897318321       4.676029963    
   2.914639502       4.838828621    
   2.931960683       5.026146270    
   2.949281864       5.228880968    
   2.966603045       5.443819716    
   2.983924226       5.669066661    
   3.001245407       5.903089166    
   3.018566588       6.140565723    
   3.035887770       6.131111643    
   3.053208951       5.749310460    
   3.070530132       5.369674481    
   3.087851313       5.004188360    
   3.105172494       4.657187333    
   3.122493675       4.333078483    
   3.139814856       4.036836032    
   3.157136037       3.773321603    
   3.174457218       3.547976189    
   3.191778399       3.362718836    
   3.209099580       3.217657807    
   3.226420761       3.110328069    
   3.243741942       3.037144000    
   3.261063123       2.994753697    
   3.278384304       2.981169728    
     
   0.000000000       2.803503592    
  0.1701100635E-01   2.827284637    
  0.3402201271E-01   2.896165780    
  0.5103301906E-01   3.003569197    
  0.6804402542E-01   3.140534140    
  0.8505503177E-01   3.297118059    
  0.1020660381       3.462788815    
  0.1190770445       3.625817727    
  0.1360880508       3.772032759    
  0.1530990572       3.883537398    
  0.1701100635       3.941501624    
  0.1871210699       3.931093256    
  0.2041320763       3.973778910    
  0.2211430826       4.201217798    
  0.2381540890       4.433463940    
  0.2551650953       4.669941608    
  0.2721761017       4.909591894    
  0.2891871080       5.153173979    
  0.3061981144       5.399812745    
  0.3232091207       5.649247070    
  0.3402201271       5.901575550    
  0.3572311334       6.155970557    
  0.3742421398       6.412606935    
  0.3912531462       6.671339409    
  0.4082641525       6.931999576    
  0.4252751589       7.194455792    
  0.4422861652       7.458462403    
  0.4592971716       7.723697858    
  0.4763081779       7.989674471    
  0.4933191843       8.255620732    
  0.5103301906       8.520539733    
  0.5273411970       8.781730465    
  0.5443522034       9.035600789    
  0.5613632097       9.274886558    
  0.5783742161       9.485372092    
  0.5953852224       9.640138542    
  0.6123962288       9.699313775    
  0.6123962288       9.699313775    
  0.6290512105       9.678705133    
  0.6457061923       9.618692567    
  0.6623611741       9.524035985    
  0.6790161559       9.400991203    
  0.6956711376       9.255823895    
  0.7123261194       9.093867170    
  0.7289811012       8.920073632    
  0.7456360830       8.737809155    
  0.7622910647       8.549869749    
  0.7789460465       8.358443990    
  0.7956010283       8.165264997    
  0.8122560101       7.970337002    
  0.8289109918       7.705474956    
  0.8455659736       7.449128684    
  0.8622209554       7.202836535    
  0.8788759372       6.970013332    
  0.8955309189       6.759576071    
  0.9121859007       6.603200550    
  0.9288408825       6.615422772    
  0.9454958643       6.521207710    
  0.9621508460       6.362580740    
  0.9788058278       6.211271118    
  0.9954608096       6.067923138    
   1.012115791       5.933315622    
   1.028770773       5.808293256    
   1.045425755       5.693765343    
   1.062080737       5.590689084    
   1.078735718       5.500027402    
   1.095390700       5.422668171    
   1.112045682       5.359256146    
   1.128700664       5.310135857    
   1.145355646       5.274871478    
   1.162010627       5.252074783    
   1.178665609       5.239023089    
   1.195320591       5.231316221    
   1.211975573       5.222754857    
   1.228630554       5.204787262    
   1.245285536       5.166425725    
   1.261940518       5.096939207    
   1.278595500       4.987209947    
   1.295250482       4.833478865    
   1.311905463       4.639075139    
   1.328560445       4.412744363    
   1.345215427       4.165839182    
   1.361870409       3.909839694    
   1.378525390       3.655847640    
   1.395180372       3.415205269    
   1.411835354       3.200319799    
   1.428490336       3.024784925    
   1.445145317       2.899286648    
   1.461800299       2.826782515    
   1.478455281       2.803503592    
   1.478455281       2.803503592    
   1.495028740       2.826700563    
   1.511602199       2.900157743    
   1.528175658       3.028651275    
   1.544749117       3.207677448    
   1.561322577       3.425219517    
   1.577896036       3.668997646    
   1.594469495       3.929698160    
   1.611042954       4.200903500    
   1.627616413       4.478268179    
   1.644189872       4.758814856    
   1.660763331       5.040393973    
   1.677336790       5.321464404    
   1.693910249       5.600683918    
   1.710483708       5.876640987    
   1.727057168       6.147577480    
   1.743630627       6.410873459    
   1.760204086       6.662242189    
   1.776777545       6.894452960    
   1.793351004       7.095890316    
   1.809924463       7.251272029    
   1.826497922       7.349768506    
   1.843071381       7.394941589    
   1.859644840       7.402375518    
   1.876218300       7.388179053    
   1.892791759       7.363405775    
   1.909365218       7.334976712    
   1.925938677       7.306961721    
   1.942512136       7.281826612    
   1.959085595       7.261098664    
   1.975659054       7.245731663    
   1.992232513       7.236420283    
   2.008805972       7.233577438    
   2.008805972       7.233577438    
   2.025914059       7.248361906    
   2.043022146       7.291521603    
   2.060130233       7.355473123    
   2.077238320       7.424600967    
   2.094346406       7.465871199    
   2.111454493       7.417342791    
   2.128562580       7.226064402    
   2.145670667       6.922256330    
   2.162778754       6.564177697    
   2.179886840       6.184781082    
   2.196994927       5.799127898    
   2.214103014       5.416060690    
   2.231211101       5.050138328    
   2.248319188       5.181941728    
   2.265427275       5.454634536    
   2.282535361       5.736806658    
   2.299643448       6.027642478    
   2.316751535       6.326135101    
   2.333859622       6.631602184    
   2.350967709       6.943107736    
   2.368075795       7.258908600    
   2.385183882       7.577729240    
   2.402291969       7.915282643    
   2.419400056       8.252356537    
   2.436508143       8.576906217    
   2.453616230       8.881422521    
   2.470724316       9.155413312    
   2.487832403       9.385446903    
   2.504940490       9.558066919    
   2.522048577       9.663911592    
   2.539156664       9.699313775    
   2.539156664       9.699313775    
   2.556167670       9.671175434    
   2.573178676       9.582377761    
   2.590189683       9.424534601    
   2.607200689       9.196743461    
   2.624211695       8.911661377    
   2.641222702       8.587661112    
   2.658233708       8.240047123    
   2.675244714       7.879226403    
   2.692255721       7.511626250    
   2.709266727       7.142051734    
   2.726277734       6.772927404    
   2.743288740       6.406625630    
   2.760299746       6.045110294    
   2.777310753       5.690144217    
   2.794321759       5.346202973    
   2.811332765       5.020845898    
   2.828343772       4.739548559    
   2.845354778       4.602837056    
   2.845354778       4.602837056    
   2.862675959       4.735654681    
   2.879997140       4.896756046    
   2.897318321       5.073241664    
   2.914639502       5.259881955    
   2.931960683       5.454194050    
   2.949281864       5.654600146    
   2.966603045       5.860169471    
   2.983924226       6.069532937    
   3.001245407       6.281696619    
   3.018566588       6.495208630    
   3.035887770       6.424530454    
   3.053208951       6.674440536    
   3.070530132       6.943206129    
   3.087851313       7.221627818    
   3.105172494       7.472260744    
   3.122493675       7.600033148    
   3.139814856       7.675805084    
   3.157136037       7.689772448    
   3.174457218       7.647045262    
   3.191778399       7.566011265    
   3.209099580       7.469172362    
   3.226420761       7.375681506    
   3.243741942       7.299563673    
   3.261063123       7.250340273    
   3.278384304       7.233577438    
     
   0.000000000       7.356096312    
  0.1701100635E-01   7.371663215    
  0.3402201271E-01   7.417995856    
  0.5103301906E-01   7.376674908    
  0.6804402542E-01   7.194167516    
  0.8505503177E-01   6.989862899    
  0.1020660381       6.778005486    
  0.1190770445       6.573073008    
  0.1360880508       6.391251511    
  0.1530990572       6.250895446    
  0.1701100635       6.173984981    
  0.1871210699       6.174029063    
  0.2041320763       6.253500631    
  0.2211430826       6.399097907    
  0.2381540890       6.593584607    
  0.2551650953       6.822056633    
  0.2721761017       7.073695809    
  0.2891871080       7.341339409    
  0.3061981144       7.619975192    
  0.3232091207       7.906132614    
  0.3402201271       8.197691250    
  0.3572311334       8.491848694    
  0.3742421398       8.787524992    
  0.3912531462       9.083443786    
  0.4082641525       9.378512847    
  0.4252751589       9.671770010    
  0.4422861652       9.962344098    
  0.4592971716       10.24942294    
  0.4763081779       10.53222301    
  0.4933191843       10.80995678    
  0.5103301906       11.08236101    
  0.5273411970       11.34734798    
  0.5443522034       11.60445996    
  0.5613632097       11.62216671    
  0.5783742161       11.39687019    
  0.5953852224       11.23420375    
  0.6123962288       11.17190374    
  0.6123962288       11.17190374    
  0.6290512105       11.08456953    
  0.6457061923       10.87075992    
  0.6623611741       10.59814894    
  0.6790161559       10.30401776    
  0.6956711376       10.00185537    
  0.7123261194       9.698413396    
  0.7289811012       9.397165192    
  0.7456360830       9.099967391    
  0.7622910647       8.807961198    
  0.7789460465       8.521907928    
  0.7956010283       8.242384647    
  0.8122560101       7.971906655    
  0.8289109918       7.779153520    
  0.8455659736       7.588163131    
  0.8622209554       7.399773638    
  0.8788759372       7.214750805    
  0.8955309189       7.033781306    
  0.9121859007       6.857434503    
  0.9288408825       6.686329948    
  0.9454958643       6.884815077    
  0.9621508460       6.872805170    
  0.9788058278       6.721312424    
  0.9954608096       6.580340931    
   1.012115791       6.450346003    
   1.028770773       6.331798793    
   1.045425755       6.225185398    
   1.062080737       6.131004129    
   1.078735718       6.049760633    
   1.095390700       5.981960575    
   1.112045682       5.927461777    
   1.128700664       5.887969245    
   1.145355646       5.863319148    
   1.162010627       5.853889118    
   1.178665609       5.859980061    
   1.195320591       5.881794438    
   1.211975573       5.920372802    
   1.228630554       5.974672238    
   1.245285536       6.043532053    
   1.261940518       6.127481494    
   1.278595500       6.225877427    
   1.295250482       6.337821096    
   1.311905463       6.462293440    
   1.328560445       6.597367445    
   1.345215427       6.741159244    
   1.361870409       6.891260371    
   1.378525390       7.043602625    
   1.395180372       7.193815447    
   1.411835354       7.335730907    
   1.428490336       7.461730357    
   1.445145317       7.415420521    
   1.461800299       7.371017927    
   1.478455281       7.356096312    
   1.478455281       7.356096312    
   1.495028740       7.370871881    
   1.511602199       7.414832339    
   1.528175658       7.486885417    
   1.544749117       7.455753663    
   1.561322577       7.366666944    
   1.577896036       7.273156806    
   1.594469495       7.180521523    
   1.611042954       7.093447827    
   1.627616413       7.015808374    
   1.644189872       6.951916373    
   1.660763331       6.904798613    
   1.677336790       6.876953164    
   1.693910249       6.872161010    
   1.710483708       6.891887057    
   1.727057168       6.937548438    
   1.743630627       7.009827951    
   1.760204086       7.108666634    
   1.776777545       7.233345648    
   1.793351004       7.382638711    
   1.809924463       7.554208698    
   1.826497922       7.747952630    
   1.843071381       7.961345826    
   1.859644840       8.192755222    
   1.876218300       8.440915643    
   1.892791759       8.703949879    
   1.909365218       8.980867961    
   1.925938677       9.270462261    
   1.942512136       9.571431007    
   1.959085595       9.881991017    
   1.975659054       10.19847787    
   1.992232513       10.50824623    
   2.008805972       10.70346794    
   2.008805972       10.70346794    
   2.025914059       10.39750440    
   2.043022146       9.985126612    
   2.060130233       9.572916729    
   2.077238320       9.184605632    
   2.094346406       8.853118640    
   2.111454493       8.637662201    
   2.128562580       8.586924122    
   2.145670667       8.666707092    
   2.162778754       8.813574216    
   2.179886840       8.988767492    
   2.196994927       9.172340410    
   2.214103014       9.352033197    
   2.231211101       9.520279269    
   2.248319188       9.673019737    
   2.265427275       9.808368536    
   2.282535361       9.927289014    
   2.299643448       10.03196786    
   2.316751535       10.12489922    
   2.333859622       10.20882268    
   2.350967709       10.28600362    
   2.368075795       10.35815061    
   2.385183882       10.42771356    
   2.402291969       10.49622148    
   2.419400056       10.56574967    
   2.436508143       10.63896044    
   2.453616230       10.71938931    
   2.470724316       10.81126657    
   2.487832403       10.91693036    
   2.504940490       11.03095047    
   2.522048577       11.13075486    
   2.539156664       11.17190374    
   2.539156664       11.17190374    
   2.556167670       11.10240766    
   2.573178676       10.94644001    
   2.590189683       10.78468860    
   2.607200689       10.65600605    
   2.624211695       10.56877164    
   2.641222702       10.51262289    
   2.658233708       10.47704977    
   2.675244714       10.45456714    
   2.692255721       10.44027392    
   2.709266727       10.43164166    
   2.726277734       10.42645357    
   2.743288740       10.42358660    
   2.760299746       10.42220420    
   2.777310753       10.42170546    
   2.794321759       10.42170872    
   2.811332765       10.42204424    
   2.828343772       10.42222733    
   2.845354778       10.42230045    
   2.845354778       10.42230045    
   2.862675959       10.13731302    
   2.879997140       9.807123364    
   2.897318321       9.441382225    
   2.914639502       9.050603796    
   2.931960683       8.643817361    
   2.949281864       8.227455226    
   2.966603045       7.807137390    
   2.983924226       7.387000111    
   3.001245407       6.970800229    
   3.018566588       6.565679848    
   3.035887770       6.708294739    
   3.053208951       6.917779826    
   3.070530132       7.119685784    
   3.087851313       7.307689076    
   3.105172494       7.508701866    
   3.122493675       7.804098516    
   3.139814856       8.107969680    
   3.157136037       8.419472131    
   3.174457218       8.739141061    
   3.191778399       9.066187082    
   3.209099580       9.400622462    
   3.226420761       9.741898918    
   3.243741942       10.08864058    
   3.261063123       10.43662947    
   3.278384304       10.70346794    
     
   0.000000000       7.651013558    
  0.1701100635E-01   7.617850632    
  0.3402201271E-01   7.522679754    
  0.5103301906E-01   7.494053550    
  0.6804402542E-01   7.598197573    
  0.8505503177E-01   7.728439884    
  0.1020660381       7.792947263    
  0.1190770445       7.844216832    
  0.1360880508       7.903384515    
  0.1530990572       7.970440664    
  0.1701100635       8.045416591    
  0.1871210699       8.128305503    
  0.2041320763       8.219113520    
  0.2211430826       8.317847302    
  0.2381540890       8.424514034    
  0.2551650953       8.539121411    
  0.2721761017       8.660188723    
  0.2891871080       8.790634561    
  0.3061981144       8.929044433    
  0.3232091207       9.075427842    
  0.3402201271       9.229794713    
  0.3572311334       9.392155375    
  0.3742421398       9.562520535    
  0.3912531462       9.740901256    
  0.4082641525       9.927308932    
  0.4252751589       10.12175526    
  0.4422861652       10.32425220    
  0.4592971716       10.53481197    
  0.4763081779       10.75344698    
  0.4933191843       10.98016982    
  0.5103301906       11.21499322    
  0.5273411970       11.45792998    
  0.5443522034       11.70899295    
  0.5613632097       11.62216838    
  0.5783742161       11.39687154    
  0.5953852224       11.23420457    
  0.6123962288       11.17190374    
  0.6123962288       11.17190374    
  0.6290512105       11.12162113    
  0.6457061923       10.98657029    
  0.6623611741       10.79692985    
  0.6790161559       10.57657718    
  0.6956711376       10.33953119    
  0.7123261194       10.09482872    
  0.7289811012       9.846997817    
  0.7456360830       9.599092680    
  0.7622910647       9.353145994    
  0.7789460465       9.110593045    
  0.7956010283       8.872503673    
  0.8122560101       8.640066479    
  0.8289109918       8.413261121    
  0.8455659736       8.193021923    
  0.8622209554       7.979863267    
  0.8788759372       7.774370412    
  0.8955309189       7.576933375    
  0.9121859007       7.387688356    
  0.9288408825       7.207114930    
  0.9454958643       7.035925597    
  0.9621508460       7.268552223    
  0.9788058278       7.683602726    
  0.9954608096       8.105643676    
   1.012115791       8.523401604    
   1.028770773       8.926756964    
   1.045425755       9.303681619    
   1.062080737       9.639658657    
   1.078735718       9.914533346    
   1.095390700       10.11317175    
   1.112045682       10.22840613    
   1.128700664       10.26623955    
   1.145355646       10.21913651    
   1.162010627       9.805883658    
   1.178665609       9.405986970    
   1.195320591       9.024801246    
   1.211975573       8.668295269    
   1.228630554       8.343945677    
   1.245285536       8.059742017    
   1.261940518       7.824896826    
   1.278595500       7.646296089    
   1.295250482       7.525732440    
   1.311905463       7.458050506    
   1.328560445       7.432622360    
   1.345215427       7.437781384    
   1.361870409       7.462704153    
   1.378525390       7.497907180    
   1.395180372       7.536696054    
   1.411835354       7.573929215    
   1.428490336       7.488245820    
   1.445145317       7.562424376    
   1.461800299       7.628109053    
   1.478455281       7.651013558    
   1.478455281       7.651013558    
   1.495028740       7.637095528    
   1.511602199       7.596880821    
   1.528175658       7.534542342    
   1.544749117       7.455755940    
   1.561322577       7.366669083    
   1.577896036       7.273158812    
   1.594469495       7.180523403    
   1.611042954       7.093449592    
   1.627616413       7.015810045    
   1.644189872       6.951917950    
   1.660763331       6.904800101    
   1.677336790       6.876954568    
   1.693910249       6.872162339    
   1.710483708       6.891888317    
   1.727057168       6.937549631    
   1.743630627       7.009829083    
   1.760204086       7.108667708    
   1.776777545       7.233346668    
   1.793351004       7.382639682    
   1.809924463       7.554209620    
   1.826497922       7.747953513    
   1.843071381       7.961346673    
   1.859644840       8.192756038    
   1.876218300       8.440916428    
   1.892791759       8.703950643    
   1.909365218       8.980868708    
   1.925938677       9.270462998    
   1.942512136       9.571431741    
   1.959085595       9.881991760    
   1.975659054       10.19847865    
   1.992232513       10.50824710    
   2.008805972       10.70346909    
   2.008805972       10.70346909    
   2.025914059       10.69344722    
   2.043022146       10.67346458    
   2.060130233       10.64604332    
   2.077238320       10.61581538    
   2.094346406       10.58593793    
   2.111454493       10.55836526    
   2.128562580       10.53428906    
   2.145670667       10.51444477    
   2.162778754       10.49929160    
   2.179886840       10.48911441    
   2.196994927       10.48398457    
   2.214103014       10.48417428    
   2.231211101       10.48936861    
   2.248319188       10.50001892    
   2.265427275       10.51580508    
   2.282535361       10.53641718    
   2.299643448       10.56205902    
   2.316751535       10.59227929    
   2.333859622       10.62690502    
   2.350967709       10.66571355    
   2.368075795       10.70808389    
   2.385183882       10.75379590    
   2.402291969       10.80236302    
   2.419400056       10.85331765    
   2.436508143       10.90618876    
   2.453616230       10.96080371    
   2.470724316       11.01580789    
   2.487832403       11.07002547    
   2.504940490       11.12063851    
   2.522048577       11.15776823    
   2.539156664       11.17190374    
   2.539156664       11.17190374    
   2.556167670       11.10240767    
   2.573178676       10.94644002    
   2.590189683       10.78468860    
   2.607200689       10.65600606    
   2.624211695       10.56877164    
   2.641222702       10.51262290    
   2.658233708       10.47704978    
   2.675244714       10.45456715    
   2.692255721       10.44027393    
   2.709266727       10.43164167    
   2.726277734       10.42645357    
   2.743288740       10.42358660    
   2.760299746       10.42220420    
   2.777310753       10.42170546    
   2.794321759       10.42170872    
   2.811332765       10.42204424    
   2.828343772       10.42222734    
   2.845354778       10.42230046    
   2.845354778       10.42230046    
   2.862675959       10.65561094    
   2.879997140       10.83618333    
   2.897318321       10.96772982    
   2.914639502       11.05659377    
   2.931960683       11.10900602    
   2.949281864       11.12840362    
   2.966603045       11.11740792    
   2.983924226       11.07581460    
   3.001245407       11.00152546    
   3.018566588       10.89123933    
   3.035887770       10.74435485    
   3.053208951       10.56478036    
   3.070530132       10.36329513    
   3.087851313       10.15719094    
   3.105172494       9.967120874    
   3.122493675       9.815925804    
   3.139814856       9.726322960    
   3.157136037       9.713134183    
   3.174457218       9.777034874    
   3.191778399       9.902465065    
   3.209099580       10.06921932    
   3.226420761       10.25829812    
   3.243741942       10.45118474    
   3.261063123       10.62148978    
   3.278384304       10.70346909    
     
